17203.949
0.000
10638.364
1212.287
0.000
0.000
2490.012
0.000
0.000
791.097
0.000
488.272
81.283
309.036
441.047
70.721
1175.528
2158.055
1004.677
262.449
1633.728
1090.313
370.995
381.724
419.538
532.121
214.829
230.284
364.725
727.479
0.000
124.138
827.319
0.000
0.000
8822.443
555.146
168.785
182.811
0.000
235.723
577.248
198.591
99.625
568.575
237.637
284.111
529.301
82.749
1421.507
146.953
158.756
57.630
52.000
61.850
175.446
192.755
352.251
1047.041
0.000
281.496
52.877
0.000
574.824
561.355
0.000
250.627
0.000
23.627
213.526
7.801
0.000
2021.181
166.613
302.393
0.000
927.976
240.542
176.025
27.443
0.000
108.112
0.000
370.940
72.040
292.328
142.055
739.452
115.366
62.263
69.815
335.824
732.983
337.353
30.520
33.373
1102.846
157.883
142.949
383.604
135.935
35.942
0.000
4825.324
38.509
146.836
0.000
379.014
23.229
3801.650
237.561
53.688
68.716
0.000
144.845
108.757
237.244
4.312
58.950
727.981
0.000
1892.787
71.264
2.202
33.218
0.000
467.082
357.177
239.772
20.858
107.930
9.397
19.020
401.910
131.849
5.462
0.000
43.137
104.234
0.000
0.260
32.283
3279.961
458.646
25.437
637.011
77.855
0.000
0.000
0.000
0.000
0.000
186.718
72.665
596.732
48.295
69.212
47.312
0.000
158.806
30.861
95.402
28.643
21.402
50.822
15.568
0.000
43.487
0.000
159.629
0.000
0.000
0.000
353.203
24.797
0.000
590.604
72.450
0.000
69.288
109.566
0.000
347.681
31.406
59.256
65.610
67.274
179.057
27.519
2150.371
163.285
324.753
295.249
0.000
144.263
0.000
0.000
0.000
0.000
0.000
0.000
81.466
65.346
21.182
52.146
35.582
65.532
65.572
23.762
19.316
0.000
66.598
32.412
0.000
549.191
97.680
56.363
483.138
135.721
0.000
63.523
72.769
240.826
0.000
0.000
28.608
55.102
216.914
103.904
513.043
146.064
188.700
285.168
5.937
76.254
0.000
63.123
0.000
0.000
93.126
0.000
287.615
15.091
0.000
83.300
61.783
261.241
29.183
0.000
9.413
12.004
97.195
79.837
59.449
9426.257
278.558
71.054
0.000
48.698
385.063
8.064
97.179
306.455
0.000
218.355
0.000
36.395
13.090
0.000
148.277
578.515
3.213
55.660
46.402
17.492
106.910
78.709
54.241
9.788
439.775
5.443
266.634
29.122
112.705
0.000
0.000
6.842
69.865
0.000
22.254
0.000
47.913
0.000
5.114
0.000
0.000
0.000
59.296
0.000
0.000
15.370
43.304
0.000
25.840
73.669
11.779
1063.921
9.620
72.815
0.000
38.122
4.311
111.578
198.358
130.558
10.723
328.133
283.675
23.616
60.072
58.399
262.799
173.984
177.861
0.000
151.248
246.597
0.000
11.916
13.978
0.000
3.649
69.988
382.182
219.120
100.161
14.244
85.151
3.597
69.693
195.260
2.078
628.864
798.426
391.859
70.489
0.000
589.107
31.962
23.494
0.000
0.000
13.452
9.851
4.343
25.521
16.053
123.002
45.109
125.375
0.000
25.696
68.519
0.000
1.955
1.122
0.960
0.000
279.551
56.053
10.776
136.352
0.000
0.000
0.000
0.000
0.000
0.000
17.873
0.000
0.000
0.000
28.346
65.920
54.253
0.000
524.127
0.000
49.311
0.000
59.807
13.587
52.397
0.000
7.923
130.211
0.000
115.398
1054.753
39.754
29.305
26.579
94.018
16.908
0.000
68.000
26.222
128.473
0.000
148.718
9.554
0.000
0.000
6.617
31.565
0.000
261.114
28.652
6.695
545.295
15.371
42.894
43.757
33.016
13.847
170.639
0.000
0.000
22.554
0.000
42.710
29.250
134.299
117.967
236.052
35.196
0.000
8.567
0.000
6.230
52.928
130.358
222.013
13.320
16.738
432.397
17.852
6.855
10.060
0.000
11.394
212.476
72.460
264.307
189.332
61.772
6.831
96.162
4.361
9.526
16.982
1.516
0.000
0.000
0.000
0.000
53.150
0.000
5.225
52.470
71.071
40.575
354.170
39.951
106.111
74.443
0.000
0.000
0.000
10.277
0.000
0.000
113.832
32.086
0.000
0.000
0.000
82.733
101.285
15.952
0.000
0.000
49.670
46.212
0.778
0.000
8.661
42.515
0.000
279.748
6.325
0.000
41.718
11.442
0.000
90.453
8.682
1.123
3.339
0.000
128.159
0.000
0.000
0.000
342.576
9.891
0.000
0.000
74.586
0.000
28.305
0.000
5.334
0.000
5.972
52.847
7.490
6.772
185.638
6.093
0.000
0.000
1.412
33.114
0.000
0.000
0.000
82.129
101.661
1.456
69.812
2.077
8.884
24.736
0.000
93.767
4.829
205.174
0.000
516.775
0.000
0.000
0.000
379.818
100.961
0.000
32.307
17.701
59.683
0.000
400.536
25.108
111.595
15.517
7.441
45.325
0.000
956.956
0.000
0.000
0.000
62.644
0.000
13.851
0.125
0.000
0.000
71.046
12.520
54.150
0.000
36.592
45.350
0.000
1.483
151.768
0.000
19.281
14.639
0.000
97.204
221.300
0.000
3.269
0.000
56.108
0.000
66.253
93.077
126.751
0.000
21.097
63.376
9.030
14.641
115.722
21.670
29.852
49.258
22.093
18.071
0.000
48.444
39.455
59.362
84.515
5.487
27.273
0.000
0.000
21.634
0.000
10.000
383.031
20.812
25.036
1.179
1.317
2136.381
70.305
2.746
1.648
157.704
52.189
12.784
6.196
56.634
15.841
23.657
18.162
0.000
5.902
0.463
1.199
166.778
106.951
48.592
27.789
70.525
97.350
5.466
8.178
32.164
24.816
21.072
12.881
89.094
84.505
358.939
40.245
432.574
3.192
15.544
1.109
53.375
17.566
124.474
14.548
49.250
216.594
32.627
45.856
79.614
111.539
134.452
40.888
52.772
2879.434
0.000
0.000
0.000
